1081.82 0. 0. 0.3804 0.3451 0.3150 0.3137
1212.12 0. 0. 0.3667 0.3350 0.3082 0.3073
1272.73 0. 0. 0.3603 0.3303 0.3050 0.3043
1514.24 0. 0. 0.3348 0.3116 0.2920 0.2921
1555.15 0. 0. 0.3305 0.3084 0.2899 0.2901
1870.30 0. 0.3105 0.2973 0.2840 0.2730 0.2742
1900.00 0. 0.3076 0.2946 0.2817 0.2714 0.2727
2000.00 0. 0.2976 0.2858 0.2739 0.2660 0.2676
2100.00 0.3175 0.2877 0.2775 0.2672 0.2615 0.2634
2178.18 0.3030 0.2800 0.2709 0.2619 0.2580 0.2600
2200.00 0.2990 0.2778 0.2691 0.2604 0.2570 0.2591
2300.00 0.2800 0.2678 0.2608 0.2536 0.2525 0.2548
2400.00 0.2650 0.2580 0.2524 0.2468 0.2480 0.2505
2499.76 0.2472 0.2493 0.2446 0.2400 0.2435 0.2463
2500.00 0.2471 0.2493 0.2446 0.2400 0.2435 0.2463
2600.00 0. 0.2405 0.2381 0.2358 0.2397 0.2426
2800.00 0. 0. 0.2251 0.2273 0.2322 0.2354
2822.73 0. 0. 0.2240 0.2263 0.2313 0.2346
2870.83 0. 0. 0.2213 0.2242 0.2295 0.2328
2900.00 0. 0. 0.2198 0.2230 0.2288 0.2321
3000.00 0. 0. 0.2148 0.2195 0.2263 0.2296
3153.64 0. 0. 0.2113 0.2141 0.2224 0.2258
3200.00 0. 0. 0.2103 0.2125 0.2212 0.2246
3360.00 0. 0. 0.2069 0.2065 0.2172 0.2206
3400.00 0. 0. 0.2060 0.2050 0.2162 0.2196
3600.00 0. 0. 0. 0.1975 0.2112 0.2148
3626.79 0. 0. 0. 0.1972 0.2105 0.2142
3700.00 0. 0. 0. 0.1964 0.2086 0.2124
3800.00 0. 0. 0. 0.1953 0.2059 0.2099
4000.00 0. 0. 0. 0.1931 0.2006 0.2050
4070.00 0. 0. 0. 0. 0.1988 0.2032
4170.81 0. 0. 0. 0. 0.1961 0.2008
4714.83 0. 0. 0. 0. 0.1910 0.1957
4990.91 0. 0. 0. 0. 0.1904 0.1949
5000.00 0. 0. 0. 0. 0.1903 0.1949
5440.18 0. 0. 0. 0. 0. 0.1938