SLSQP -0.647471566 0.082602756 0.510430151 0.683716679 0.041980310 0.02413145 [-0.8, 0.3, 0.5, 1, 0.1]  474.59439
SLSQP -0.636235315 0.287947829 0.493246714 0.126718286 0.041348086 0.02524356 [-0.8, 0.1, 0.1, 0.1, 0.1]  420.22890
BFGS -0.622650010 0.057429190 0.689252890 2.175216364 0.042935088 0.02284266 [-0.8, 0.3, 0.5, 1, 0.1] 4599.29635
BFGS -0.628583872 0.072937127 0.551695282 0.903640599 0.042699504 0.02350367 [-0.8, 0.3, 0.5, 1, 0.1]  581.57896
SLSQP -0.743086112 0.281369061 0.346140744 0.116319040 0.038073114 0.03965153 [-0.8, 0.1, 0.1, 0.1, 0.1]  128.18308
Nelder-Mead -0.892893659 0.100204807 0.125304634 0.114024674 0.038671951 0.06096123 [-0.8, 0.1, 0.1, 0.1, 0.1]  129.42886
SLSQP -0.636235315 0.287947829 0.493246714 0.126718286 0.041348086 0.02524356 [-0.8, 0.1, 0.1, 0.1, 0.1]  157.10588
Nelder-Mead -0.892893659 0.100204807 0.125304634 0.114024674 0.038671951 0.06096123 [-0.8, 0.1, 0.1, 0.1, 0.1]  132.55923
Nelder-Mead -0.892893659 0.100204807 0.125304634 0.114024674 0.038671951 0.06096123 [-0.8, 0.1, 0.1, 0.1, 0.1]  130.49341
Nelder-Mead -0.616758426 0.333642765 0.926618767 0.210392415 0.043695632 0.04443126 [-0.8, 0.3, 0.5, 1, 0.1]  567.96596
